76,73,84,87,79,44,32,79,74,67,90,89,90,78,79,32,77,79,74,65,33
76,105,116,119,111,44,32,79,106,99,122,121,122,110,111,32,109,111,106,97,33,32,116,121,32,106,101,115,116,101,347,32,106,97,107,32,122,100,114,111,119,105,101,59
73,108,101,32,99,105,281,32,116,114,122,101,98,97,32,99,101,110,105,263,44,32,116,101,110,32,116,121,108,107,111,32,115,105,281,32,100,111,119,105,101,44
75,116,111,32,99,105,281,32,115,116,114,97,99,105,322,46,32,68,122,105,347,32,112,105,281,107,110,111,347,263,32,116,119,261,32,119,32,99,97,322,101,106,32,111,122,100,111,98,105,101
87,105,100,122,281,32,105,32,111,112,105,115,117,106,281,44,32,98,111,32,116,281,115,107,110,105,281,32,112,111,32,116,111,98,105,101,46

80,97,110,110,111,32,347,119,105,281,116,97,44,32,99,111,32,74,97,115,110,101,106,32,98,114,111,110,105,115,122,32,67,122,281,115,116,111,99,104,111,119,121
73,32,119,32,79,115,116,114,101,106,32,347,119,105,101,99,105,115,122,32,66,114,97,109,105,101,33,32,84,121,44,32,99,111,32,103,114,243,100,32,122,97,109,107,111,119,121
78,111,119,111,103,114,243,100,122,107,105,32,111,99,104,114,97,110,105,97,115,122,32,122,32,106,101,103,111,32,119,105,101,114,110,121,109,32,108,117,100,101,109,33
74,97,107,32,109,110,105,101,32,100,122,105,101,99,107,111,32,100,111,32,122,100,114,111,119,105,97,32,112,111,119,114,243,99,105,322,97,347,32,99,117,100,101,109
40,8212,32,71,100,121,32,111,100,32,112,322,97,99,122,261,99,101,106,32,109,97,116,107,105,44,32,112,111,100,32,84,119,111,106,261,32,111,112,105,101,107,281
79,102,105,97,114,111,119,97,110,121,32,109,97,114,116,119,261,32,112,111,100,110,105,111,115,322,101,109,32,112,111,119,105,101,107,281,59
73,32,122,97,114,97,122,32,109,111,103,322,101,109,32,112,105,101,115,122,111,44,32,100,111,32,84,119,121,99,104,32,347,119,105,261,116,121,324,32,112,114,111,103,117
73,347,263,32,122,97,32,119,114,243,99,111,110,101,32,380,121,99,105,101,32,112,111,100,122,105,281,107,111,119,97,263,32,66,111,103,117,32,8212,41
84,97,107,32,110,97,115,32,112,111,119,114,243,99,105,115,122,32,99,117,100,101,109,32,110,97,32,79,106,99,122,121,122,110,121,32,322,111,110,111,33,46,46,46
84,121,109,99,122,97,115,101,109,44,32,112,114,122,101,110,111,347,32,109,111,106,261,32,100,117,115,122,281,32,117,116,281,115,107,110,105,111,110,261
68,111,32,116,121,99,104,32,112,97,103,243,114,107,243,119,32,108,101,347,110,121,99,104,44,32,100,111,32,116,121,99,104,32,322,261,107,32,122,105,101,108,111,110,121,99,104,44
83,122,101,114,111,107,111,32,110,97,100,32,98,322,281,107,105,116,110,121,109,32,78,105,101,109,110,101,109,32,114,111,122,99,105,261,103,110,105,111,110,121,99,104,59
68,111,32,116,121,99,104,32,112,243,108,32,109,97,108,111,119,97,110,121,99,104,32,122,98,111,380,101,109,32,114,111,122,109,97,105,116,101,109,44
87,121,122,322,97,99,97,110,121,99,104,32,112,115,122,101,110,105,99,261,44,32,112,111,115,114,101,98,114,122,97,110,121,99,104,32,380,121,116,101,109,59
71,100,122,105,101,32,98,117,114,115,122,116,121,110,111,119,121,32,347,119,105,101,114,122,111,112,44,32,103,114,121,107,97,32,106,97,107,32,347,110,105,101,103,32,98,105,97,322,97,44
71,100,122,105,101,32,112,97,110,105,101,324,115,107,105,109,32,114,117,109,105,101,324,99,101,109,32,100,122,105,281,99,105,101,108,105,110,97,32,112,97,322,97,44
65,32,119,115,122,121,115,116,107,111,32,112,114,122,101,112,97,115,97,110,101,32,106,97,107,98,121,32,119,115,116,281,103,261,44,32,109,105,101,100,122,261
90,105,101,108,111,110,261,44,32,110,97,32,110,105,101,106,32,122,114,122,97,100,107,97,32,99,105,99,104,101,32,103,114,117,115,122,101,32,115,105,101,100,122,261,46
75,111,110,105,101,99,46,32,107,114,111,112,107,97,46
